width: 1280
height: 720
intrinsic_matrix: [893.66787082, 0, 0, 0, 896.81093661, 0, 655.77014675, 371.11126241, 1]
extrinsic: [[1, 0, 0, 0], [0, -1, 0, 0], [0, 0, -1, 0], [0, 0, 0, 1]]
depth_scale: 0.0010000000474974513
fps: 30
