width: 1280
height: 720
# intrinsic_matrix: [874.15526134, 0, 0, 0, 878.58408029, 0, 647.79923396, 346.15973841, 1]
# intrinsic_matrix: [892.45096695, 0, 0, 0, 892.71722731, 0, 686.04160674, 375.33473567, 1]
intrinsic_matrix: [893.66787082, 0, 0, 0, 896.81093661, 0, 655.77014675, 371.11126241, 1]
extrinsic: [[1, 0, 0, 0], [0, -1, 0, 0], [0, 0, -1, 0], [0, 0, 0, 1]]
depth_scale: 0.0010000000474974513
fps: 30
id: 243122075526
